100368.03
100367.07
100367.07
100368.03
100368.42
100367.07
100364.96
100368.78
100370.13
100370.13
100372.07
100372.07
100369.77
100369.38
100368.42
100368.42
100366.69
100367.07
100367.43
100365.35
100368.42
100366.30
100366.69
100368.03
100368.42
100366.69
100366.69
100366.30
100365.73
100364.00
100367.07
100367.82
100366.48
100364.38
100361.30
100359.00
100363.39
100381.28
100426.67
100489.94
100551.86
100651.49
100684.78
100714.77
100737.30
100764.58
100767.28
100765.92
100754.80
100744.03
100703.64
100668.63
100615.14
100543.78
100472.44
100407.46
100414.19
100421.67
100432.05
100430.71
100423.02
100409.17
100391.31
100374.55
100337.46
100308.21
100271.86
100232.82
100174.94
100163.82
100155.35
100154.39
100160.13
100173.99
100179.96
100192.08
100201.86
100224.75
100237.25
100244.58
100253.61
100262.08
100276.89
100281.88
100288.61
100294.00
100303.81
100309.55
100311.89
100314.19
100320.92
100328.03
100329.74
100329.38
100329.74
100335.52
100338.21
100337.46
100336.11
100337.82
100343.98
100344.94
100343.21
100344.55
100349.93
100348.23
100349.57
100350.14
100349.19
100348.98
100351.67
100353.97
100355.32
100352.63
100353.97
100356.67
100355.92
100357.27
100356.31
100358.01
100357.65
