100372.60
100371.85
100373.95
100373.77
100371.47
100370.30
100369.35
100374.16
100376.64
100375.89
100373.77
100373.77
100370.89
100372.60
100371.25
100371.25
100368.96
100370.30
100368.39
100365.30
100366.47
100366.86
100369.55
100368.78
100365.13
100365.69
100368.21
100368.78
100369.73
100369.73
100366.08
100364.35
100363.78
100358.58
100358.00
100342.63
100323.00
100298.39
100272.24
100206.46
100178.96
100156.08
100138.58
100120.13
100088.00
100107.81
100150.52
100202.82
100279.53
100280.89
100287.61
100287.61
100278.58
100263.21
100248.96
100226.47
100197.24
100172.63
100226.08
100322.61
100424.36
100501.49
100563.41
100571.49
100570.71
100553.21
100466.66
100411.08
100349.54
100289.53
100247.23
100227.82
100221.08
100200.89
100180.32
100181.66
100214.74
100258.39
100297.42
100323.39
100355.71
100361.83
100359.74
100353.97
100334.73
100314.36
100288.96
100257.04
100213.00
100208.97
100278.01
100371.25
100449.94
100534.15
100549.17
100559.94
100565.33
100561.85
100541.10
100532.07
100518.21
100505.71
100482.82
100475.13
100465.71
100463.01
100457.06
100448.38
100443.21
100439.74
100438.78
100430.32
100425.71
100419.93
100414.16
100412.24
100408.60
100407.25
100405.52
100399.17
100398.17
100394.53
100394.14
100393.78
100395.13
100393.00
100392.05
100390.88
100386.85
100385.89
100383.97
100382.63
100381.46
100381.85
100383.38
100385.32
100385.71
100382.24
100381.28
100378.59
100375.89
100374.73
100373.00
