100371.08
100371.08
100374.94
100376.28
100376.28
100377.03
100376.64
100373.21
100371.47
100375.89
100375.50
100373.59
100373.95
100370.89
100369.55
100368.57
100371.64
100370.66
100368.96
100370.30
100368.57
100367.21
100368.21
100370.89
100371.47
100371.85
100372.60
100368.39
100369.73
100371.08
100372.00
100369.55
100368.39
100364.35
100357.61
100353.01
100349.36
100351.66
100368.57
100478.00
100549.35
100608.20
100652.63
100718.60
100739.19
100755.94
100761.69
100763.78
100749.96
100732.82
100710.91
100679.94
100572.24
100516.29
100474.56
100449.94
100455.11
100469.53
100472.22
100469.53
100457.42
100441.65
100405.30
100393.53
100369.55
100338.95
100277.41
100236.64
100196.85
100162.82
100142.05
100137.02
100145.10
100156.25
100162.99
100179.74
100195.11
100211.27
100224.74
100236.85
100256.83
100263.77
100271.08
100278.58
100291.08
100297.03
100302.42
100305.11
100306.46
100311.28
100314.92
100319.35
100323.78
100328.78
100330.87
100331.47
100333.39
100334.73
100336.85
100338.38
100342.03
100339.73
100338.77
100341.64
100343.58
100342.82
100347.63
100349.92
100352.05
100350.32
100351.66
100353.39
100355.10
100357.44
100353.75
100354.50
100358.18
100361.24
100360.70
100360.32
100362.82
