100368.78
100364.74
100363.78
100363.39
100365.52
100364.17
100365.87
100364.74
100365.52
100366.26
100367.82
100368.21
100367.82
100368.57
100369.91
100372.39
100373.59
100372.82
100372.24
100371.25
100367.82
100369.16
100369.55
100369.55
100369.16
100368.78
100367.04
100365.69
100370.89
100370.51
100370.12
100370.51
100364.74
100368.21
100365.69
100364.35
100363.78
100380.67
100420.11
100494.36
100577.83
100712.86
100751.91
100772.85
100782.48
100784.58
100769.77
100762.07
100746.88
100725.72
100636.86
100570.89
100501.49
100438.21
100406.25
100422.05
100419.72
100425.10
100415.89
100399.74
100367.42
100355.88
100341.46
100309.92
100253.78
100212.41
100169.92
100134.54
100114.35
100123.21
100147.05
100191.08
100250.10
100397.82
100454.36
100505.14
100552.64
100587.25
100634.77
100640.72
100643.60
100639.55
100609.55
100585.71
100545.32
100494.16
100444.35
100406.25
100428.19
100438.21
100448.98
100446.64
100446.05
100437.97
100422.80
100408.96
100377.99
100365.52
100345.67
100321.45
100259.52
100211.06
100165.11
100132.82
100113.97
100112.05
100121.86
100135.32
100149.35
100192.42
100210.71
100224.35
100237.03
100250.88
100267.82
100275.32
100283.39
100287.43
100297.21
100301.25
100305.89
100309.92
100315.71
100321.09
100324.74
100328.78
100328.39
100328.39
100333.21
100335.11
100336.46
100335.89
100339.33
100338.95
100342.63
100340.50
100342.24
100346.28
100349.36
100351.28
100351.66
100352.05
100351.07
100352.41
100351.28
100356.09
100357.80
100355.71
100358.78
100358.78
100360.49
100359.53
100358.53
100359.89
