100371.25
100373.35
100373.35
100372.99
100372.24
100372.60
100372.24
100373.21
100372.82
100371.85
100373.59
100370.12
100367.42
100366.08
100364.17
100365.87
100368.96
100368.96
100368.96
100366.86
100366.47
100371.25
100371.85
100371.25
100370.66
100369.32
100370.30
100370.30
100370.66
100370.30
100368.96
100368.21
100367.60
100363.57
100362.22
100363.17
100365.87
100402.61
100449.34
100510.52
100565.72
100612.24
100676.86
100702.08
100717.25
100723.24
100714.21
100698.80
100678.21
100650.92
100609.75
100514.17
100481.86
100478.78
100484.94
100481.08
100478.60
100471.86
100461.67
100448.60
100392.80
100365.87
100348.37
100338.95
100293.57
100253.17
100210.71
100180.10
100160.51
100152.82
100156.61
100162.00
100168.73
100192.96
100207.77
100221.23
100231.25
100244.11
100257.58
100265.30
100271.64
100277.02
100289.14
100293.17
100294.74
100297.82
100302.24
100310.67
100316.07
100320.70
100322.44
100328.17
100331.25
100332.96
100334.91
100337.99
100340.68
100340.68
100340.89
100339.55
100342.63
100344.33
100345.67
100345.32
100347.02
100350.10
100351.81
100348.76
100349.71
100350.10
100353.75
100354.74
100352.62
100352.05
100353.39
100354.35
100354.92
100355.71
100356.66
