100368.57
100370.30
100371.43
100369.32
100366.86
100370.30
100371.05
100369.70
100371.05
100370.30
100368.96
100370.66
100370.66
100369.55
100370.89
100370.30
100369.91
100369.55
100368.21
100366.86
100369.91
100368.78
100370.12
100369.91
100368.57
100368.57
100366.65
100369.16
100369.91
100367.04
100365.13
100364.17
100361.09
100356.09
100358.18
100357.44
100359.53
100391.84
100427.20
100472.97
100523.39
100570.89
100647.99
100676.27
100696.46
100708.58
100713.96
100701.10
100684.19
100668.42
100644.19
100566.85
100529.16
100517.03
100514.35
100506.63
100498.55
100491.46
100488.02
100486.67
100475.31
100465.49
100449.94
100435.52
100427.80
100434.92
100422.80
100386.82
100328.92
100171.42
100097.38
100032.41
99987.61
99960.69
99927.78
99913.96
99912.61
99914.32
99913.36
99931.82
99982.96
100041.10
100092.99
100149.32
100155.66
100167.99
100178.15
100175.46
100173.16
100164.69
100153.92
100144.88
100126.64
100110.85
100091.25
100109.14
100282.80
100379.33
100449.34
100493.41
100518.00
100542.23
100542.63
100532.81
100513.21
100482.03
100471.27
100456.46
100447.03
100439.71
100428.55
100423.55
100419.13
100413.38
100412.39
100407.99
100404.32
100400.27
100397.58
100392.58
100390.85
100389.14
100389.14
100386.82
100384.12
100385.10
100383.76
100381.42
100379.33
100381.42
100382.03
100382.41
100380.08
100381.82
100381.42
100378.74
100378.74
100377.39
100375.68
100377.39
100375.68
100375.68
100374.69
100370.30
100367.60
100367.60
