100372.00
100372.00
100368.96
100370.66
100372.00
100372.00
100369.32
100373.74
100370.66
100367.96
100367.96
100370.66
100370.30
100370.30
100369.16
100368.57
100368.96
100367.21
100367.60
100367.60
100368.57
100365.87
100366.47
100366.08
100369.91
100366.26
100365.27
100362.82
100359.14
100352.05
100330.87
100316.45
100309.33
100302.60
100304.69
100317.58
100343.74
100385.46
100446.44
100571.64
100613.38
100650.33
100681.29
100728.78
100742.63
100745.92
100742.84
100735.15
100690.12
100655.11
100606.64
100558.17
100506.27
100512.01
100511.66
100506.27
100501.25
100482.39
100471.63
100465.88
100457.80
100450.08
100446.05
100436.27
100408.35
100357.58
100205.08
100133.37
100076.83
100031.42
99980.66
99959.51
99941.63
99930.11
99918.96
99927.78
99954.71
100007.20
100071.45
100121.61
100162.38
100180.10
100199.69
100203.73
100204.11
100194.69
100181.23
100159.30
100127.38
100057.39
100061.03
100111.83
100199.69
100395.66
100451.82
100486.43
100506.63
100520.10
100521.44
100513.36
100492.81
100477.25
100449.72
100441.05
100435.28
100425.49
100420.11
100416.42
100415.08
100410.69
100409.34
100400.27
100395.88
100389.50
100383.38
100383.76
100384.12
100384.12
100384.72
100386.46
100383.76
100383.02
100384.12
100383.76
100381.07
100378.74
100378.74
100377.63
100375.68
100372.99
100374.69
100374.33
100375.30
100377.03
100376.03
100374.33
100372.99
100371.25
100369.91
100371.05
100372.00
