100371.43
100367.00
100370.08
100368.35
100366.62
100366.62
100364.70
100365.66
100363.92
100362.97
100367.00
100365.66
100365.66
100366.05
100367.78
100364.70
100365.66
100364.32
100365.27
100369.70
100367.60
100366.26
100364.91
100365.27
100365.27
100364.91
100362.82
100363.17
100367.96
100365.27
100363.57
100365.27
100364.32
100364.32
100362.58
100358.53
100350.46
100308.73
100277.77
100246.45
100216.83
100166.03
100153.57
100142.41
100123.21
100105.71
100152.22
100210.71
100262.21
100295.87
100320.49
100313.75
100296.61
100278.75
100257.58
100196.42
100158.35
100126.64
100129.55
100184.52
100395.66
100483.74
100539.17
100575.29
100607.60
100604.91
100580.32
100532.21
100465.67
100313.93
100256.61
100229.91
100220.87
100178.53
100169.11
100181.23
100218.92
100267.38
100334.31
100337.24
100345.67
100350.10
100332.96
100322.19
100309.11
100290.13
100272.63
100204.72
100171.42
100166.03
100204.72
100381.42
100457.80
100508.96
100534.15
100545.32
100544.32
100531.85
100515.69
100499.89
100472.97
100462.98
100453.17
100443.35
100436.63
100431.24
100422.80
100419.13
100413.74
100405.66
100401.62
100399.53
100398.57
100395.28
100391.24
100388.55
100385.46
100384.50
100380.86
100381.82
100382.77
100382.41
100382.77
100380.86
100378.16
100377.77
100378.16
100376.82
100374.13
100372.78
100369.32
100371.05
100367.39
100367.39
100367.00
100367.96
100368.74
100365.27
100367.60
100366.47
