100369.70
100371.43
100369.70
100367.60
100367.21
100367.60
100367.96
100369.70
100370.66
100368.21
100368.96
100366.62
100366.26
100365.27
100367.60
100369.32
100366.26
100367.60
100367.96
100370.30
100370.66
100369.55
100368.57
100367.21
100365.27
100365.27
100362.82
100363.57
100363.57
100365.27
100362.58
100362.22
100360.49
100357.19
100354.14
100353.16
100347.41
100318.16
100291.61
100261.61
100235.29
100211.44
100179.50
100181.61
100173.92
100157.39
100154.31
100197.77
100255.66
100303.94
100335.66
100348.16
100353.16
100348.16
100338.95
100317.80
100303.35
100284.50
100257.96
100220.66
100197.38
100256.61
100356.83
100445.69
100548.00
100565.86
100577.99
100580.32
100572.60
100527.21
100504.71
100487.21
100473.36
100465.28
100445.47
100432.58
100424.50
100419.13
100408.35
100405.66
100402.61
100403.35
100402.01
100399.32
100395.28
100394.14
100393.19
100389.14
100387.80
100386.07
100385.10
100384.12
100383.16
100381.07
100383.76
100382.77
100376.03
100374.33
100373.95
100372.24
100372.00
100373.74
100372.39
100372.99
100372.99
100371.64
100372.39
100373.35
100370.89
100371.64
100374.69
100373.35
