100363.78
100362.44
100364.74
100363.39
100363.39
100362.05
100365.13
100366.08
100368.78
100367.82
100368.42
100363.78
100365.91
100367.82
100367.82
100368.78
100369.56
100366.86
100367.82
100368.21
100369.35
100368.60
100366.48
100367.07
100366.08
100367.82
100367.43
100368.78
100367.82
100369.56
100371.29
100371.86
100372.82
100373.21
100370.91
100370.52
100371.29
100373.60
100439.17
100506.27
100568.41
100625.55
100673.81
100720.93
100731.32
100734.00
100734.00
100721.89
100709.77
100691.88
100669.98
100645.75
100562.28
100496.32
100420.71
100360.71
100345.53
100346.28
100354.96
100359.96
100355.92
100329.38
100306.50
100290.35
100275.53
100239.19
100224.39
100221.69
100232.46
100256.69
100345.89
100410.89
100471.09
100528.62
100579.17
100633.03
100634.77
100624.96
100615.53
100585.52
100570.71
100550.16
100526.89
100499.00
100433.39
100396.69
100367.07
100348.98
100368.60
100373.60
100377.25
100383.58
100390.71
100387.06
100372.25
100339.55
100291.48
100199.94
100178.41
100164.17
100158.78
100160.13
100162.46
100169.55
100178.97
100190.13
100210.32
100220.71
100227.44
100236.86
100246.28
100267.82
100277.85
100286.31
100294.39
100310.14
100314.93
100318.61
100318.22
100321.31
100324.75
100324.36
100324.00
100329.38
100336.86
100339.17
100341.50
100341.50
100341.50
100343.21
100346.28
100344.55
100345.14
100345.89
100350.32
100349.57
100349.57
100350.92
100352.63
100352.27
100351.28
100349.93
100351.28
100353.41
100354.36
100357.44
100355.71
100360.52
100361.27
100359.75
100363.78
