100367.82
100367.43
100368.78
100369.17
100370.13
100370.52
100370.13
100371.47
100370.13
100367.82
100368.78
100368.78
100368.78
100368.78
100370.52
100368.42
100366.69
100366.08
100366.48
100365.73
100363.39
100365.13
100364.74
100363.39
100364.38
100364.00
100362.05
100364.38
100365.35
100365.73
100367.07
100365.73
100366.69
100366.69
100369.77
100368.42
100350.92
100326.69
100295.35
100258.61
100186.31
100150.35
100109.58
100072.85
100049.01
100002.64
99983.80
99989.19
100022.48
100078.02
100154.75
100187.66
100202.07
100197.08
100165.52
100139.58
100107.28
100091.13
100129.17
100341.86
100450.53
100539.96
100605.36
100691.52
100712.67
100719.41
100705.94
100676.71
100520.54
100410.15
100303.42
100223.39
100139.94
100130.16
100117.66
100094.78
100076.67
100107.28
100148.61
100178.61
100209.58
100222.05
100202.85
100177.63
100143.24
100121.10
100200.90
100305.89
100418.02
100508.21
100598.42
100616.49
100622.86
100617.08
100602.66
100537.44
100500.14
100465.14
100433.78
100401.48
100392.05
100388.97
100386.67
100386.67
100383.41
100383.98
100385.32
100382.63
100382.24
100384.93
100382.63
100381.67
100383.77
100384.75
100385.71
100383.98
100384.36
100386.10
100385.32
100383.58
100383.24
100382.63
100384.36
100383.02
100382.63
100382.06
100381.67
100382.63
100382.24
100381.50
100383.24
100380.89
100376.86
100375.51
100375.15
100375.51
