100364.74
100363.78
100364.74
100367.07
100367.43
100367.07
100368.78
100370.13
100371.47
100371.65
100369.94
100368.21
100368.78
100369.56
100368.21
100369.17
100368.78
100369.17
100367.82
100369.56
100370.91
100370.13
100371.11
100371.86
100372.64
100371.86
100371.11
100370.91
100370.91
100370.52
100370.52
100369.17
100369.17
100366.08
100364.74
100364.17
100364.17
100386.67
100439.56
100509.57
100566.10
100601.11
100630.72
100642.46
100662.65
100685.92
100724.76
100729.01
100722.28
100710.16
100689.97
100625.35
100576.49
100532.07
100498.40
100485.33
100488.41
100486.28
100488.02
100484.94
100477.25
100472.82
100467.44
100458.02
100438.21
100430.88
100431.49
100432.05
100407.82
100274.55
100187.44
100106.28
100040.72
99956.88
99939.03
99919.80
99902.69
99889.58
99880.16
99908.42
99967.65
100033.60
100075.72
100094.17
100112.66
100126.12
100129.17
100129.17
100123.21
100109.75
100089.17
100058.22
100041.11
100123.21
100256.10
100379.94
100534.54
100571.88
100594.38
100608.80
100612.83
100583.22
100554.56
100523.99
100494.75
100449.94
100439.56
100424.36
100415.89
100409.55
100393.39
100387.63
100384.93
100383.98
100381.67
100378.98
100375.89
100373.21
100373.21
100367.82
100367.43
100367.07
100369.17
100372.25
100374.94
100374.55
100375.51
100373.60
100372.25
100371.86
100371.86
100372.25
100374.94
100374.94
100373.60
100371.86
100372.64
100370.13
100367.82
100367.43
100368.78
100367.82
100370.13
100366.69
