100371.47
100369.77
100369.77
100371.11
100370.13
100371.47
100372.82
100372.82
100371.65
100371.29
100369.94
100370.30
100373.60
100373.21
100371.86
100371.86
100371.47
100372.25
100371.86
100371.86
100371.86
100373.21
100372.25
100370.52
100370.52
100371.86
100372.25
100372.25
100371.86
100371.86
100370.52
100367.82
100366.48
100366.08
100365.52
100357.44
100342.25
100313.58
100279.93
100247.06
100185.71
100164.17
100148.40
100138.99
100094.95
100088.60
100109.36
100150.52
100190.52
100239.36
100248.02
100238.21
100229.17
100186.10
100156.49
100138.99
100162.82
100261.48
100489.37
100573.23
100643.24
100704.77
100821.52
100863.05
100877.50
100884.80
100882.89
100865.75
100845.19
100819.21
100776.13
100626.09
100565.50
100556.47
100543.96
100531.10
100524.16
100509.96
100498.40
100490.33
100470.52
100453.02
100431.49
100409.94
100385.32
100303.21
100244.93
100193.21
100157.83
100131.68
100138.41
100145.71
100155.14
100163.60
100189.17
100203.99
100216.67
100231.29
100248.41
100258.78
100264.17
100268.21
100278.98
100290.13
100298.21
100300.52
100307.42
100309.72
100321.49
100325.52
100330.52
100332.61
100334.56
100340.69
100343.02
100343.98
100346.07
100347.42
100345.33
100346.07
100347.06
100351.85
100352.80
100352.06
100353.79
100354.75
100356.85
100355.14
100354.75
100352.44
100355.14
100357.23
100355.14
100355.50
100359.92
100358.19
100358.78
100360.13
100359.75
100362.83
100364.17
