100367.07
100367.43
100367.82
100369.17
100367.82
100366.48
100366.48
100368.21
100370.91
100369.17
100371.86
100369.94
100369.94
100369.17
100369.17
100367.43
100369.17
100368.78
100370.52
100366.48
100364.74
100368.21
100367.82
100367.82
100367.82
100369.17
100367.82
100372.25
100372.25
100369.17
100370.91
100370.52
100370.13
100367.82
100367.82
100363.78
100355.71
100339.17
100278.41
100242.42
100196.86
100160.52
100138.41
100104.38
100080.14
100083.22
100108.02
100185.52
100223.21
100242.63
100243.41
100241.67
100220.88
100202.64
100172.25
100139.94
100231.11
100350.71
100452.63
100533.41
100608.80
100734.96
100799.97
100852.67
100884.03
100896.14
100888.27
100875.77
100851.53
100817.86
100688.02
100620.35
100591.48
100574.92
100559.17
100544.57
100532.45
100522.42
100512.64
100484.74
100458.80
100419.75
100382.06
100343.02
100225.91
100167.25
100131.86
100112.07
100115.88
100125.91
100143.41
100159.95
100175.71
100217.44
100231.86
100246.85
100260.30
100275.71
100283.41
100289.75
100296.48
100303.21
100311.28
100317.06
100322.83
100325.52
100326.10
100330.52
100332.25
100332.82
100335.52
100335.91
100337.64
100338.21
100343.02
100345.33
100347.63
100347.24
100350.32
100348.58
100351.67
100352.06
100352.06
100352.06
100352.80
100353.79
100352.06
100355.14
100354.15
100356.49
100357.05
100359.36
100358.39
100362.83
100362.22
100362.83
