100368.60
100371.29
100371.29
100374.35
100370.30
100367.61
100368.60
100368.96
100370.91
100370.91
100367.82
100368.21
100367.82
100365.91
100368.60
100366.86
100368.21
100367.25
100367.82
100366.27
100365.52
100366.27
100371.29
100371.65
100372.03
100372.25
100373.60
100369.17
100369.94
100367.43
100367.82
100367.82
100365.52
100364.74
100366.48
100366.48
100362.22
100370.91
100405.13
100474.77
100623.22
100678.24
100711.50
100730.92
100741.52
100736.49
100726.71
100715.94
100700.53
100644.58
100600.15
100549.57
100519.55
100519.94
100509.96
100504.57
100489.37
100465.52
100393.78
100366.86
100342.63
100305.89
100257.44
100146.10
100118.57
100111.49
100121.27
100215.14
100298.96
100377.63
100429.75
100474.95
100546.30
100574.92
100586.30
100592.43
100583.78
100564.75
100533.79
100491.67
100448.02
100420.11
100440.31
100456.10
100461.10
100462.44
100477.05
100473.60
100466.87
100452.81
100405.30
100380.71
100357.44
100326.86
100294.92
100228.96
100196.65
100168.77
100146.85
100113.79
100108.41
100115.14
100121.87
100135.72
100161.08
100177.80
100193.21
100212.06
100238.60
100251.10
100257.05
100265.13
100272.25
100284.75
100290.13
100296.27
100301.29
100308.02
100313.02
100314.75
100318.41
100321.84
100328.21
100331.48
100334.56
100333.78
100332.82
100331.48
100333.21
100332.82
100334.56
100336.65
100336.29
100340.69
100345.11
100346.07
100346.67
100347.63
100349.36
100348.41
100352.06
100353.79
100351.10
100351.67
100355.71
100354.75
100353.02
100352.06
100352.06
100352.80
100353.79
