100367.25
100368.60
100367.25
100367.61
100368.96
100368.96
100368.60
100368.39
100369.73
100368.96
100368.96
100369.35
100369.35
100368.00
100367.61
100368.00
100369.35
100369.35
100367.25
100368.21
100368.60
100371.08
100369.35
100369.56
100368.21
100370.91
100373.21
100373.21
100371.65
100371.65
100370.69
100370.69
100367.04
100367.04
100360.70
100351.28
100330.30
100301.29
100272.03
100209.75
100180.50
100158.60
100146.49
100093.60
100085.53
100109.75
100158.96
100211.85
100273.20
100292.22
100294.56
100286.10
100268.60
100249.75
100223.78
100190.52
100156.27
100127.64
100149.17
100205.33
100300.91
100485.72
100545.32
100586.10
100607.25
100615.32
100596.11
100566.10
100533.41
100505.91
100482.03
100449.16
100441.08
100431.27
100426.66
100415.11
100412.03
100409.35
100408.60
100405.91
100401.27
100398.22
100395.52
100393.78
100390.14
100388.19
100385.11
100381.07
100378.77
100380.11
100380.50
100378.77
100377.42
100375.11
100377.82
100375.11
100375.11
100373.77
100377.63
100376.28
100376.85
100374.73
100377.42
100376.46
100377.82
100374.35
100374.73
100375.69
100375.33
100373.38
