100375.89
100376.28
100377.24
100375.11
100376.46
100377.42
100379.54
100379.93
100377.24
100374.16
100373.77
100374.16
100374.16
100375.50
100374.16
100371.47
100371.08
100370.69
100370.69
100368.96
100371.08
100370.30
100372.03
100372.03
100373.00
100373.99
100372.25
100367.25
100366.65
100367.04
100369.35
100372.64
100373.00
100367.25
100368.78
100364.74
100358.96
100342.24
100282.61
100249.92
100217.61
100184.74
100128.77
100102.63
100087.05
100105.50
100158.96
100265.69
100295.30
100308.38
100314.15
100308.02
100294.35
100284.92
100270.69
100257.61
100212.05
100178.96
100157.61
100164.73
100296.27
100392.05
100463.97
100508.96
100531.49
100537.63
100534.92
100522.82
100507.26
100473.60
100461.85
100450.33
100444.35
100439.35
100430.71
100425.32
100419.16
100416.85
100412.42
100411.08
100410.12
100405.30
100403.60
100397.61
100396.66
100397.61
100395.88
100395.88
100392.23
100392.61
100391.27
100391.85
100393.58
100398.00
100402.04
100403.78
100400.69
100394.35
100392.05
100390.32
100388.40
100388.01
100387.41
100386.28
100382.24
100381.85
100380.89
100377.42
100377.42
