100371.85
100370.89
100369.73
100371.47
100370.51
100371.85
100371.65
100371.65
100370.69
100373.38
100372.42
100371.65
100369.73
100371.47
100372.42
100372.42
100371.47
100369.73
100369.35
100369.73
100371.65
100371.47
100373.77
100372.03
100371.65
100370.69
100370.12
100370.69
100369.94
100370.91
100369.56
100368.96
100366.65
100363.21
100360.88
100355.14
100327.22
100302.03
100273.38
100247.80
100197.42
100172.24
100155.69
100138.19
100123.39
100155.69
100202.42
100250.14
100290.52
100328.57
100336.46
100324.53
100310.71
100295.30
100244.53
100210.89
100170.11
100167.82
100345.11
100443.00
100515.34
100580.71
100635.33
100739.00
100783.05
100822.10
100837.86
100850.75
100842.67
100821.71
100801.89
100764.97
100656.88
100639.77
100627.26
100608.98
100579.17
100559.55
100541.48
100525.89
100503.78
100464.36
100447.42
100425.32
100389.92
100336.46
100209.53
100169.92
100149.35
100146.66
100162.42
100172.24
100182.61
100195.69
100210.50
100240.11
100250.32
100261.08
100267.82
100281.85
100287.23
100291.27
100295.52
100302.99
100308.77
100315.11
100317.44
100324.35
100329.35
100334.35
100337.42
100337.42
100340.11
100341.08
100340.33
100339.94
100341.67
100343.02
100344.16
100343.38
100344.36
100347.80
100350.89
100354.35
100353.19
100354.53
100355.88
100355.50
100355.88
100356.85
100359.53
100362.22
100359.53
100359.75
100359.36
100360.52
100360.88
100362.22
