100361.88
100361.88
100362.64
100360.35
100360.35
100359.57
100371.28
100371.28
100369.50
100369.56
100369.94
100366.65
100370.12
100369.35
100369.94
100369.94
100367.61
100368.00
100366.86
100367.82
100366.86
100366.86
100367.82
100371.29
100370.30
100370.91
100370.13
100371.47
100370.13
100370.13
100373.00
100372.64
100370.91
100369.17
100366.48
100366.48
100366.86
100367.82
100365.91
100363.39
100362.05
100364.00
100365.73
100361.69
100362.64
100363.39
100364.74
100364.74
100363.78
100363.39
100364.00
100364.00
100363.03
100363.39
100366.08
100367.82
100368.21
100363.39
100364.74
100364.38
100364.74
100365.35
100365.73
100365.73
100365.73
100367.07
100367.43
100366.08
100365.73
100362.64
100365.35
100365.73
100364.74
100363.03
100365.73
100363.03
100365.35
100364.57
100365.91
100365.91
100367.07
100366.69
100364.57
100366.69
100366.30
100365.35
100364.96
100364.21
100364.96
100368.03
100367.64
100367.64
100366.30
100366.30
100367.07
100365.73
100365.73
100367.07
100364.38
100364.38
100364.00
100363.03
100362.64
100364.00
100366.69
100365.73
100365.73
100365.73
100368.42
100366.69
100366.69
100366.69
100365.73
100365.35
100366.30
100365.73
100366.48
100366.08
100367.07
100365.35
100365.73
100367.43
100368.42
100367.64
100365.73
100368.03
100367.07
100367.07
100368.03
100368.42
100367.07
100364.96
100368.78
100370.13
100370.13
100372.07
100372.07
100369.77
100369.38
100368.42
100368.42
100366.69
100367.07
100367.43
100365.35
100368.42
100366.30
100366.69
100368.03
100368.42
100366.69
100366.69
100366.30
100365.73
100364.00
100367.07
100367.82
100366.48
100364.38
100361.30
100359.00
100363.39
100381.28
100426.67
100489.94
100551.86
100651.49
100684.78
100714.77
100737.30
100764.58
100767.28
100765.92
100754.80
100744.03
100703.64
100668.63
100615.14
100543.78
100472.44
100407.46
100414.19
100421.67
100432.05
100430.71
100423.02
100409.17
100391.31
100374.55
100337.46
100308.21
100271.86
100232.82
100174.94
100163.82
100155.35
100154.39
100160.13
100173.99
100179.96
100192.08
100201.86
100224.75
100237.25
100244.58
100253.61
100262.08
100276.89
100281.88
100288.61
100294.00
100303.81
100309.55
100311.89
100314.19
100320.92
100328.03
100329.74
100329.38
100329.74
100335.52
100338.21
100337.46
100336.11
100337.82
100343.98
100344.94
100343.21
100344.55
100349.93
100348.23
100349.57
100350.14
100349.19
100348.98
100351.67
100353.97
100355.32
100352.63
100353.97
100356.67
100355.92
100357.27
100356.31
100358.01
100357.65
100357.65
100358.01
100355.32
100356.67
100355.32
100359.36
100358.39
100358.39
100359.36
100357.65
100357.65
100362.05
100362.44
100362.05
100363.03
100364.74
100364.38
100362.64
100362.26
100362.26
100361.30
100361.69
100360.35
100359.00
100359.36
100359.36
100360.35
100362.64
100365.73
100364.74
100363.39
100362.64
100364.74
100363.39
100363.39
100361.69
100366.08
100367.07
100368.42
100368.78
100368.78
100367.07
100366.08
100365.13
100363.78
100365.73
100364.74
100366.48
100367.82
100366.08
100365.73
100361.69
100360.35
100360.35
100358.22
100358.61
100359.75
100362.44
100360.35
100361.69
100361.69
100361.10
100361.10
100361.10
100362.44
100361.10
100365.13
100366.48
100367.61
100366.86
100366.48
100364.74
100364.74
100363.78
100363.78
100365.91
100363.78
100363.39
100365.13
100366.08
100366.08
100364.74
100362.05
100361.69
100361.69
100363.03
100362.05
100362.05
100364.74
100363.03
100363.03
100361.30
100364.74
100366.08
100368.42
100369.38
100368.78
100373.21
100371.86
100372.82
100375.89
100374.55
100371.86
100368.78
100364.38
100366.08
100364.38
100364.38
100361.69
100359.36
100363.39
100362.44
100363.39
100360.71
100360.71
100361.10
100362.44
100362.05
100362.44
100364.56
100365.52
100365.13
100363.78
100363.78
100362.83
100363.39
100363.39
100363.39
100365.13
100365.52
100364.74
100363.78
100362.05
100362.05
100363.39
100363.03
100365.35
100366.08
100364.74
100368.78
100367.43
100367.82
100368.78
100367.43
100367.07
100369.56
100369.56
100368.78
100370.13
100368.42
100367.07
100366.30
100371.11
100370.72
100372.07
100368.78
100364.38
100365.73
100364.00
100363.03
100360.71
100363.03
100364.38
100363.03
100364.38
100364.74
100362.05
100360.71
100359.36
100363.39
100365.13
100364.38
100366.69
100368.78
100369.17
100367.43
100368.42
100366.48
100366.48
100365.13
100368.42
100368.42
100368.78
100367.43
100364.74
100366.48
100368.60
100369.17
100370.13
100372.07
100369.77
100367.07
100367.43
100369.56
100368.78
100370.13
100368.42
100369.38
100369.00
100368.03
100369.77
100367.07
100365.73
100365.73
100367.82
100369.17
100371.47
100369.38
100368.03
100368.42
100367.07
100367.43
100367.43
100369.77
100370.13
100364.00
100364.00
100365.73
100367.07
100368.78
100369.77
100368.78
100368.78
100368.78
100368.42
100367.43
100367.07
100370.52
100370.52
100370.13
100367.07
100364.38
100362.64
100367.07
100365.73
100368.42
100370.13
100370.52
100371.86
100369.77
100366.69
100365.35
100368.21
100369.56
100370.13
100368.78
100370.52
100368.78
100368.42
100369.38
100369.77
100371.86
100370.91
100369.17
100370.52
100373.21
100373.60
100371.86
100370.13
100370.52
100366.08
100367.43
100366.08
100368.42
100364.74
100364.38
100363.39
100363.78
100362.44
100364.74
100363.39
100363.39
100362.05
100365.13
100366.08
100368.78
100367.82
100368.42
100363.78
100365.91
100367.82
100367.82
100368.78
100369.56
100366.86
100367.82
100368.21
100369.35
100368.60
100366.48
100367.07
100366.08
100367.82
100367.43
100368.78
100367.82
100369.56
100371.29
100371.86
100372.82
100373.21
100370.91
100370.52
100371.29
100373.60
100439.17
100506.27
100568.41
100625.55
100673.81
100720.93
100731.32
100734.00
100734.00
100721.89
100709.77
100691.88
100669.98
100645.75
100562.28
100496.32
100420.71
100360.71
100345.53
100346.28
100354.96
100359.96
100355.92
100329.38
100306.50
100290.35
100275.53
100239.19
100224.39
100221.69
100232.46
100256.69
100345.89
100410.89
100471.09
100528.62
100579.17
100633.03
100634.77
100624.96
100615.53
100585.52
100570.71
100550.16
100526.89
100499.00
100433.39
100396.69
100367.07
100348.98
100368.60
100373.60
100377.25
100383.58
100390.71
100387.06
100372.25
100339.55
100291.48
100199.94
100178.41
100164.17
100158.78
100160.13
100162.46
100169.55
100178.97
100190.13
100210.32
100220.71
100227.44
100236.86
100246.28
100267.82
100277.85
100286.31
100294.39
100310.14
100314.93
100318.61
100318.22
100321.31
100324.75
100324.36
100324.00
100329.38
100336.86
100339.17
100341.50
100341.50
100341.50
100343.21
100346.28
100344.55
100345.14
100345.89
100350.32
100349.57
100349.57
100350.92
100352.63
100352.27
100351.28
100349.93
100351.28
100353.41
100354.36
100357.44
100355.71
100360.52
100361.27
100359.75
100363.78
100365.13
100363.78
100365.13
100365.13
100366.48
100366.48
100363.78
100366.08
100363.03
100362.05
100358.78
100359.36
100359.36
100356.31
100355.32
100357.05
100356.67
100356.31
100359.36
100361.10
100362.44
100359.36
100360.71
100356.67
100357.83
100359.75
100363.39
100367.82
100367.82
100367.43
100364.38
100362.64
100364.00
100364.38
100363.61
100362.64
100363.03
100363.39
100362.83
100361.69
100359.36
100358.01
100357.65
100356.31
100356.67
100357.05
100360.35
100359.36
100359.36
100359.36
100359.36
100359.36
100362.05
100361.69
100361.69
100363.39
100366.48
100366.08
100367.07
100368.42
100372.46
100375.15
100377.85
100377.85
100375.51
100371.47
100369.77
100368.03
100367.07
100366.48
100364.74
100360.71
100361.69
100361.30
100363.03
100363.03
100362.64
100363.03
100366.08
100365.35
100364.38
100365.73
100365.73
100364.00
100364.96
100362.26
100364.00
100363.39
100364.38
100363.39
100367.07
100363.61
100363.61
100366.69
100365.35
100364.38
100368.42
100368.78
100368.42
100368.03
100367.07
100367.43
100367.82
100366.08
100365.73
100368.42
100368.03
100368.03
100367.07
100365.35
100365.73
100364.38
100362.64
100365.73
100365.35
100367.07
100367.43
100369.77
100368.42
100365.73
100363.03
100361.69
100362.05
100362.05
100362.05
100363.39
100362.64
100365.73
100365.73
100367.07
100368.03
100367.07
100366.48
100367.43
100369.17
100367.43
100368.78
100370.13
100369.17
100367.43
100369.17
100367.82
100369.17
100367.43
100367.43
100366.48
100366.86
100365.13
100365.73
100366.48
100365.13
100366.48
100367.07
100368.03
100366.08
100367.82
100369.17
100369.17
100369.17
100368.78
100367.82
100371.86
100371.47
100370.52
100369.17
100368.78
100369.38
100370.72
100368.03
100370.13
100368.42
100368.42
100368.42
100370.52
100371.47
100372.46
100369.77
100370.13
100366.86
100363.78
100364.74
100366.86
100367.07
100365.73
100365.73
100365.73
100366.08
100367.82
100367.82
100367.82
100368.21
100370.52
100370.52
100368.42
100369.38
100369.77
100371.11
100368.78
100368.42
100369.17
100368.21
100366.86
100366.48
100369.17
100366.48
100367.61
100368.21
100368.21
100367.82
100370.52
100371.47
100371.11
100372.07
100371.86
100370.13
100370.52
100369.77
100371.11
100367.07
100368.42
100368.78
100368.42
100370.72
100369.17
100369.17
100368.78
100368.78
100370.13
100369.56
100369.77
100369.38
100368.78
100368.78
100370.52
100366.48
100365.13
100365.13
100364.38
100363.03
100364.38
100365.13
100364.38
100364.74
100365.73
100364.00
100365.73
100367.07
100365.35
100366.69
100367.43
100370.52
100371.86
100371.86
100368.78
100367.43
100366.08
100366.48
100367.07
100367.43
100367.43
100367.43
100366.69
100365.73
100364.74
100366.08
100367.43
100365.35
100364.74
100367.82
100367.43
100367.43
100366.48
100366.86
100367.82
100367.43
100368.78
100369.17
100370.13
100370.52
100370.13
100371.47
100370.13
100367.82
100368.78
100368.78
100368.78
100368.78
100370.52
100368.42
100366.69
100366.08
100366.48
100365.73
100363.39
100365.13
100364.74
100363.39
100364.38
100364.00
100362.05
100364.38
100365.35
100365.73
100367.07
100365.73
100366.69
100366.69
100369.77
100368.42
100350.92
100326.69
100295.35
100258.61
100186.31
100150.35
100109.58
100072.85
100049.01
100002.64
99983.80
99989.19
100022.48
100078.02
100154.75
100187.66
100202.07
100197.08
100165.52
100139.58
100107.28
100091.13
100129.17
100341.86
100450.53
100539.96
100605.36
100691.52
100712.67
100719.41
100705.94
100676.71
100520.54
100410.15
100303.42
100223.39
100139.94
100130.16
100117.66
100094.78
100076.67
100107.28
100148.61
100178.61
100209.58
100222.05
100202.85
100177.63
100143.24
100121.10
100200.90
100305.89
100418.02
100508.21
100598.42
100616.49
100622.86
100617.08
100602.66
100537.44
100500.14
100465.14
100433.78
100401.48
100392.05
100388.97
100386.67
100386.67
100383.41
100383.98
100385.32
100382.63
100382.24
100384.93
100382.63
100381.67
100383.77
100384.75
100385.71
100383.98
100384.36
100386.10
100385.32
100383.58
100383.24
100382.63
100384.36
100383.02
100382.63
100382.06
100381.67
100382.63
100382.24
100381.50
100383.24
100380.89
100376.86
100375.51
100375.15
100375.51
100377.25
100376.67
100378.02
100374.94
100377.63
100376.28
100377.63
100375.33
100373.99
100376.28
100374.94
100374.94
100379.37
100375.89
100374.94
100375.89
100374.17
100373.60
100373.60
100371.86
100371.47
100370.91
100369.17
100370.30
100370.91
100371.11
100372.82
100370.52
100370.13
100370.13
100370.52
100370.52
100372.25
100370.13
100372.25
100373.60
100373.60
100373.21
100376.86
100378.98
100379.37
100377.63
100374.55
100374.17
100375.89
100378.21
100381.28
100379.55
100379.19
100376.86
100375.89
100375.89
100375.51
100375.89
100374.17
100374.55
100372.64
100371.86
100373.21
100374.94
100372.82
100373.21
100372.82
100373.21
100371.86
100372.25
100371.86
100370.52
100367.82
100371.47
100369.77
100366.08
100367.82
100369.17
100367.82
100368.60
100369.94
100369.94
100368.21
100371.86
100369.17
100366.86
100366.86
100365.13
100365.13
100368.96
100369.94
100368.21
100369.56
100366.48
100369.17
100369.56
100367.82
100369.94
100369.56
100368.21
100364.74
100363.39
100364.74
100368.21
100366.08
100366.48
100365.13
100366.86
100367.43
100366.08
100367.07
100364.74
100365.73
100366.08
100366.69
100365.35
100366.69
100370.13
100369.77
100369.38
100369.38
100371.11
100371.11
100374.17
100372.82
100373.21
100369.56
100367.82
100367.07
100367.82
100367.25
100365.91
100366.48
100366.08
100366.48
100366.08
100365.13
100366.48
100366.48
100366.86
100367.43
100366.08
100367.43
100370.13
100368.78
100370.13
100367.82
100366.48
100368.60
100366.86
100367.43
100366.08
100364.38
100367.43
100369.17
100368.78
100369.38
100371.47
100371.86
100371.11
100370.13
100368.78
100367.07
100364.38
100364.38
100365.13
100365.13
100365.73
100364.74
100365.35
100365.35
100367.43
100365.13
100364.38
100365.35
100361.69
100366.08
100367.43
100368.78
100369.17
100364.74
100367.82
100366.48
100367.07
100364.74
100363.78
100364.74
100367.07
100367.43
100367.07
100368.78
100370.13
100371.47
100371.65
100369.94
100368.21
100368.78
100369.56
100368.21
100369.17
100368.78
100369.17
100367.82
100369.56
100370.91
100370.13
100371.11
100371.86
100372.64
100371.86
100371.11
100370.91
100370.91
100370.52
100370.52
100369.17
100369.17
100366.08
100364.74
100364.17
100364.17
100386.67
100439.56
100509.57
100566.10
100601.11
100630.72
100642.46
100662.65
100685.92
100724.76
100729.01
100722.28
100710.16
100689.97
100625.35
100576.49
100532.07
100498.40
100485.33
100488.41
100486.28
100488.02
100484.94
100477.25
100472.82
100467.44
100458.02
100438.21
100430.88
100431.49
100432.05
100407.82
100274.55
100187.44
100106.28
100040.72
99956.88
99939.03
99919.80
99902.69
99889.58
99880.16
99908.42
99967.65
100033.60
100075.72
100094.17
100112.66
100126.12
100129.17
100129.17
100123.21
100109.75
100089.17
100058.22
100041.11
100123.21
100256.10
100379.94
100534.54
100571.88
100594.38
100608.80
100612.83
100583.22
100554.56
100523.99
100494.75
100449.94
100439.56
100424.36
100415.89
100409.55
100393.39
100387.63
100384.93
100383.98
100381.67
100378.98
100375.89
100373.21
100373.21
100367.82
100367.43
100367.07
100369.17
100372.25
100374.94
100374.55
100375.51
100373.60
100372.25
100371.86
100371.86
100372.25
100374.94
100374.94
100373.60
100371.86
100372.64
100370.13
100367.82
100367.43
100368.78
100367.82
100370.13
100366.69
100367.82
100365.13
100365.13
100363.78
100362.44
100362.05
100363.39
100362.83
100362.05
100364.74
100365.13
100363.39
100364.38
100367.07
100367.43
100366.08
100367.82
100367.82
100367.43
100368.78
100365.73
100365.73
100366.30
100367.07
100366.08
100366.69
100365.73
100367.07
100366.08
100367.43
100367.43
100369.00
100369.77
100371.47
100374.94
100378.02
100373.99
100373.60
100377.03
100378.02
100377.25
100377.25
100375.89
100374.17
100371.11
100372.46
100373.81
100373.60
100371.86
100373.21
100374.55
100374.55
100374.94
100374.55
100373.21
100373.60
100368.42
100364.74
100366.86
100368.60
100366.86
100368.60
100368.60
100368.96
100368.21
100366.86
100366.48
100366.48
100367.82
100368.78
100367.82
100368.21
100369.17
100368.21
100368.21
100369.56
100366.48
100365.91
100366.86
100365.52
100363.78
100366.08
100367.43
100370.52
100371.29
100369.17
100369.77
100368.60
100365.52
100365.52
100365.91
100369.94
100369.56
100369.17
100369.56
100370.52
100370.52
100369.17
100368.78
100369.56
100367.43
100366.08
100365.73
100368.42
100368.78
100371.86
100369.56
100371.29
100370.91
100370.13
100368.78
100367.25
100365.13
100365.13
100366.48
100364.74
100364.17
100366.08
100368.21
100367.25
100368.00
100368.60
100368.21
100367.25
100369.56
100367.82
100366.08
100367.43
100368.21
100370.30
100369.94
100366.86
100366.48
100365.13
100366.86
100366.48
100367.43
100367.25
100370.52
100370.91
100371.47
100370.13
100371.86
100373.21
100370.52
100371.11
100373.21
100371.86
100373.21
100372.46
100372.82
100374.55
100371.86
100372.46
100373.81
100373.81
100372.82
100372.25
100373.21
100373.21
100371.86
100371.86
100371.11
100368.03
100370.13
100367.07
100365.73
100366.08
100367.43
100364.74
100367.82
100366.48
100366.48
100367.82
100370.52
100370.52
100370.13
100370.52
100367.43
100367.82
100370.52
100372.82
100372.82
100371.86
100371.47
100369.77
100369.77
100371.11
100370.13
100371.47
100372.82
100372.82
100371.65
100371.29
100369.94
100370.30
100373.60
100373.21
100371.86
100371.86
100371.47
100372.25
100371.86
100371.86
100371.86
100373.21
100372.25
100370.52
100370.52
100371.86
100372.25
100372.25
100371.86
100371.86
100370.52
100367.82
100366.48
100366.08
100365.52
100357.44
100342.25
100313.58
100279.93
100247.06
100185.71
100164.17
100148.40
100138.99
100094.95
100088.60
100109.36
100150.52
100190.52
100239.36
100248.02
100238.21
100229.17
100186.10
100156.49
100138.99
100162.82
100261.48
100489.37
100573.23
100643.24
100704.77
100821.52
100863.05
100877.50
100884.80
100882.89
100865.75
100845.19
100819.21
100776.13
100626.09
100565.50
100556.47
100543.96
100531.10
100524.16
100509.96
100498.40
100490.33
100470.52
100453.02
100431.49
100409.94
100385.32
100303.21
100244.93
100193.21
100157.83
100131.68
100138.41
100145.71
100155.14
100163.60
100189.17
100203.99
100216.67
100231.29
100248.41
100258.78
100264.17
100268.21
100278.98
100290.13
100298.21
100300.52
100307.42
100309.72
100321.49
100325.52
100330.52
100332.61
100334.56
100340.69
100343.02
100343.98
100346.07
100347.42
100345.33
100346.07
100347.06
100351.85
100352.80
100352.06
100353.79
100354.75
100356.85
100355.14
100354.75
100352.44
100355.14
100357.23
100355.14
100355.50
100359.92
100358.19
100358.78
100360.13
100359.75
100362.83
100364.17
100362.05
100360.13
100360.13
100361.86
100363.57
100361.86
100362.05
100365.52
100368.21
100367.82
100366.48
100367.43
100364.74
100363.39
100363.39
100363.39
100366.48
100366.08
100365.73
100364.74
100365.52
100363.39
100364.56
100364.17
100362.05
100367.43
100366.86
100367.82
100368.78
100369.17
100366.86
100368.21
100367.07
100366.69
100368.42
100368.78
100367.43
100366.48
100367.43
100368.21
100367.82
100367.43
100368.42
100366.08
100364.74
100365.13
100369.77
100370.52
100370.52
100369.56
100368.78
100369.56
100368.96
100366.48
100365.52
100366.86
100366.48
100367.43
100367.82
100369.77
100368.42
100370.52
100370.91
100370.91
100369.17
100368.60
100373.00
100372.25
100370.52
100370.30
100368.60
100366.86
100365.52
100366.48
100365.13
100363.78
100364.17
100365.13
100364.38
100366.48
100366.86
100365.52
100366.08
100365.13
100366.08
100369.94
100367.82
100368.78
100367.07
100367.82
100366.08
100364.38
100364.74
100366.48
100368.78
100369.77
100373.21
100375.51
100375.51
100374.17
100373.21
100372.82
100370.72
100370.13
100369.17
100370.52
100368.78
100367.43
100367.82
100368.21
100366.08
100366.48
100366.86
100366.86
100366.48
100366.48
100365.52
100362.83
100363.39
100363.78
100365.13
100366.86
100367.82
100366.48
100368.21
100364.17
100365.52
100363.39
100363.39
100363.78
100364.56
100366.08
100367.07
100367.43
100367.82
100369.17
100367.82
100366.48
100366.48
100368.21
100370.91
100369.17
100371.86
100369.94
100369.94
100369.17
100369.17
100367.43
100369.17
100368.78
100370.52
100366.48
100364.74
100368.21
100367.82
100367.82
100367.82
100369.17
100367.82
100372.25
100372.25
100369.17
100370.91
100370.52
100370.13
100367.82
100367.82
100363.78
100355.71
100339.17
100278.41
100242.42
100196.86
100160.52
100138.41
100104.38
100080.14
100083.22
100108.02
100185.52
100223.21
100242.63
100243.41
100241.67
100220.88
100202.64
100172.25
100139.94
100231.11
100350.71
100452.63
100533.41
100608.80
100734.96
100799.97
100852.67
100884.03
100896.14
100888.27
100875.77
100851.53
100817.86
100688.02
100620.35
100591.48
100574.92
100559.17
100544.57
100532.45
100522.42
100512.64
100484.74
100458.80
100419.75
100382.06
100343.02
100225.91
100167.25
100131.86
100112.07
100115.88
100125.91
100143.41
100159.95
100175.71
100217.44
100231.86
100246.85
100260.30
100275.71
100283.41
100289.75
100296.48
100303.21
100311.28
100317.06
100322.83
100325.52
100326.10
100330.52
100332.25
100332.82
100335.52
100335.91
100337.64
100338.21
100343.02
100345.33
100347.63
100347.24
100350.32
100348.58
100351.67
100352.06
100352.06
100352.06
100352.80
100353.79
100352.06
100355.14
100354.15
100356.49
100357.05
100359.36
100358.39
100362.83
100362.22
100362.83
100366.48
100365.52
100364.56
100362.83
100363.78
100362.44
100366.65
100366.65
100364.17
100366.48
100364.17
100362.83
100362.44
100362.05
100362.05
100364.17
100363.21
100364.17
100363.39
100364.17
100365.13
100367.25
100367.43
100367.82
100369.56
100369.94
100372.03
100370.69
100369.94
100370.91
100369.17
100367.82
100369.56
100370.91
100373.00
100368.96
100370.30
100368.96
100368.21
100368.96
100370.91
100372.64
100372.64
100369.17
100368.60
100368.60
100369.35
100369.35
100368.96
100368.21
100368.60
100366.65
100367.04
100366.27
100366.27
100367.61
100366.86
100366.27
100367.25
100370.30
100368.96
100366.65
100367.61
100366.86
100367.25
100368.21
100368.60
100368.21
100368.21
100368.96
100369.73
100368.96
100368.60
100372.03
100370.69
100372.42
100372.42
100371.65
100369.94
100368.00
100363.21
100364.17
100364.92
100365.91
100369.35
100367.25
100367.61
100367.04
100368.60
100369.94
100369.94
100369.73
100369.73
100371.29
100371.47
100372.25
100372.25
100371.65
100371.29
100374.55
100374.55
100373.21
100372.64
100373.60
100372.64
100371.29
100369.94
100367.25
100366.08
100367.82
100368.21
100369.56
100367.25
100365.13
100367.25
100367.61
100366.86
100366.48
100366.86
100365.52
100368.60
100371.29
100371.29
100374.35
100370.30
100367.61
100368.60
100368.96
100370.91
100370.91
100367.82
100368.21
100367.82
100365.91
100368.60
100366.86
100368.21
100367.25
100367.82
100366.27
100365.52
100366.27
100371.29
100371.65
100372.03
100372.25
100373.60
100369.17
100369.94
100367.43
100367.82
100367.82
100365.52
100364.74
100366.48
100366.48
100362.22
100370.91
100405.13
100474.77
100623.22
100678.24
100711.50
100730.92
100741.52
100736.49
100726.71
100715.94
100700.53
100644.58
100600.15
100549.57
100519.55
100519.94
100509.96
100504.57
100489.37
100465.52
100393.78
100366.86
100342.63
100305.89
100257.44
100146.10
100118.57
100111.49
100121.27
100215.14
100298.96
100377.63
100429.75
100474.95
100546.30
100574.92
100586.30
100592.43
100583.78
100564.75
100533.79
100491.67
100448.02
100420.11
100440.31
100456.10
100461.10
100462.44
100477.05
100473.60
100466.87
100452.81
100405.30
100380.71
100357.44
100326.86
100294.92
100228.96
100196.65
100168.77
100146.85
100113.79
100108.41
100115.14
100121.87
100135.72
100161.08
100177.80
100193.21
100212.06
100238.60
100251.10
100257.05
100265.13
100272.25
100284.75
100290.13
100296.27
100301.29
100308.02
100313.02
100314.75
100318.41
100321.84
100328.21
100331.48
100334.56
100333.78
100332.82
100331.48
100333.21
100332.82
100334.56
100336.65
100336.29
100340.69
100345.11
100346.07
100346.67
100347.63
100349.36
100348.41
100352.06
100353.79
100351.10
100351.67
100355.71
100354.75
100353.02
100352.06
100352.06
100352.80
100353.79
100353.41
100354.75
100356.49
100358.19
100357.23
100354.75
100357.61
100356.27
100358.00
100358.00
100360.32
100359.53
100362.04
100362.04
100361.86
100361.86
100359.75
100359.17
100359.92
100360.13
100359.75
100358.39
100359.75
100361.10
100361.86
100368.21
100368.96
100370.69
100367.25
100365.91
100367.61
100365.91
100367.61
100369.94
100369.56
100368.21
100366.86
100365.13
100368.60
100364.17
100363.39
100363.78
100363.39
100362.44
100359.75
100362.44
100362.83
100363.78
100360.13
100358.78
100363.57
100366.65
100367.61
100368.78
100367.25
100366.86
100366.27
100365.69
100364.35
100366.27
100368.21
100368.39
100368.78
100369.35
100369.35
100369.35
100367.25
100367.25
100364.17
100362.22
100364.92
100366.65
100368.96
100367.25
100368.96
100370.69
100370.69
100371.08
100371.08
100369.35
100367.04
100366.65
100363.78
100363.57
100363.96
100362.22
100362.83
100362.83
100362.22
100360.88
100363.21
100364.56
100365.30
100366.65
100367.61
100364.56
100365.52
100366.86
100368.60
100369.17
100367.43
100366.86
100364.56
100364.56
100367.25
100368.60
100367.25
100367.61
100368.96
100368.96
100368.60
100368.39
100369.73
100368.96
100368.96
100369.35
100369.35
100368.00
100367.61
100368.00
100369.35
100369.35
100367.25
100368.21
100368.60
100371.08
100369.35
100369.56
100368.21
100370.91
100373.21
100373.21
100371.65
100371.65
100370.69
100370.69
100367.04
100367.04
100360.70
100351.28
100330.30
100301.29
100272.03
100209.75
100180.50
100158.60
100146.49
100093.60
100085.53
100109.75
100158.96
100211.85
100273.20
100292.22
100294.56
100286.10
100268.60
100249.75
100223.78
100190.52
100156.27
100127.64
100149.17
100205.33
100300.91
100485.72
100545.32
100586.10
100607.25
100615.32
100596.11
100566.10
100533.41
100505.91
100482.03
100449.16
100441.08
100431.27
100426.66
100415.11
100412.03
100409.35
100408.60
100405.91
100401.27
100398.22
100395.52
100393.78
100390.14
100388.19
100385.11
100381.07
100378.77
100380.11
100380.50
100378.77
100377.42
100375.11
100377.82
100375.11
100375.11
100373.77
100377.63
100376.28
100376.85
100374.73
100377.42
100376.46
100377.82
100374.35
100374.73
100375.69
100375.33
100373.38
100372.82
100371.47
100370.12
100370.51
100370.12
100370.12
100370.89
100370.12
100370.69
100371.29
100368.96
100370.69
100369.94
100369.56
100369.94
100370.69
100372.82
100371.29
100371.65
100375.69
100376.85
100377.03
100371.65
100372.82
100375.69
100376.08
100376.46
100377.03
100374.73
100373.99
100372.25
100373.60
100373.00
100374.35
100373.99
100371.86
100371.86
100372.42
100373.38
100376.08
100377.42
100377.82
100373.38
100371.65
100373.38
100374.73
100373.77
100375.11
100375.11
100371.65
100372.03
100371.47
100371.08
100368.96
100367.25
100370.69
100368.60
100368.60
100371.29
100372.64
100370.30
100370.69
100368.60
100370.30
100369.73
100370.69
100370.30
100371.65
100372.64
100372.03
100372.42
100370.30
100370.69
100372.03
100369.94
100368.96
100369.94
100369.94
100373.38
100372.82
100371.65
100371.47
100372.42
100370.51
100370.12
100370.69
100370.69
100371.29
100374.35
100371.65
100368.96
100369.35
100371.08
100372.03
100371.29
100372.25
100371.65
100371.29
100372.64
100373.00
100373.99
100371.29
100372.03
100373.00
100373.00
100368.96
100371.29
100370.91
100369.56
100369.17
100368.60
100369.94
100370.69
100374.73
100373.00
100373.77
100372.03
100374.16
100374.55
100372.42
100370.30
100371.65
100371.65
100371.65
100372.42
100374.55
100375.11
100373.00
100370.30
100371.85
100373.38
100373.38
100371.65
100373.99
100370.91
100366.48
100368.21
100371.65
100369.35
100369.94
100369.56
100368.21
100370.69
100370.30
100367.25
100367.61
100369.35
100369.56
100367.82
100369.17
100368.96
100372.82
100371.08
100371.29
100373.38
100370.69
100369.35
100370.30
100370.30
100373.00
100368.96
100367.25
100368.60
100368.21
100368.96
100368.96
100370.69
100368.60
100373.00
100372.03
100371.65
100369.56
100370.91
100370.91
100370.91
100372.25
100374.35
100373.77
100374.55
100374.94
100376.28
100375.89
100376.28
100377.24
100375.11
100376.46
100377.42
100379.54
100379.93
100377.24
100374.16
100373.77
100374.16
100374.16
100375.50
100374.16
100371.47
100371.08
100370.69
100370.69
100368.96
100371.08
100370.30
100372.03
100372.03
100373.00
100373.99
100372.25
100367.25
100366.65
100367.04
100369.35
100372.64
100373.00
100367.25
100368.78
100364.74
100358.96
100342.24
100282.61
100249.92
100217.61
100184.74
100128.77
100102.63
100087.05
100105.50
100158.96
100265.69
100295.30
100308.38
100314.15
100308.02
100294.35
100284.92
100270.69
100257.61
100212.05
100178.96
100157.61
100164.73
100296.27
100392.05
100463.97
100508.96
100531.49
100537.63
100534.92
100522.82
100507.26
100473.60
100461.85
100450.33
100444.35
100439.35
100430.71
100425.32
100419.16
100416.85
100412.42
100411.08
100410.12
100405.30
100403.60
100397.61
100396.66
100397.61
100395.88
100395.88
100392.23
100392.61
100391.27
100391.85
100393.58
100398.00
100402.04
100403.78
100400.69
100394.35
100392.05
100390.32
100388.40
100388.01
100387.41
100386.28
100382.24
100381.85
100380.89
100377.42
100377.42
100377.82
100377.03
100380.11
100375.69
100374.73
100378.38
100381.28
100379.54
100376.85
100375.50
100375.50
100376.28
100377.24
100376.85
100375.89
100375.50
100373.59
100373.59
100373.95
100372.60
100372.60
100371.47
100372.03
100373.77
100373.21
100374.94
100374.55
100378.59
100376.28
100376.28
100377.24
100378.20
100379.93
100375.68
100377.03
100376.28
100373.77
100379.93
100378.97
100379.33
100382.03
100384.72
100384.92
100383.97
100382.81
100381.46
100381.46
100382.63
100381.46
100382.42
100380.11
100377.03
100377.03
100375.33
100376.67
100375.69
100375.69
100377.82
100375.33
100371.65
100373.38
100371.29
100372.03
100371.29
100373.60
100371.08
100368.96
100368.60
100368.96
100366.65
100366.08
100366.27
100363.96
100365.30
100365.91
100368.21
100369.56
100371.08
100373.21
100370.69
100369.94
100373.00
100373.38
100376.85
100379.16
100377.24
100375.50
100372.24
100371.85
100371.85
100370.69
100373.38
100372.42
100373.77
100371.65
100372.42
100374.55
100374.16
100375.50
100375.50
100378.59
100378.20
100375.89
100375.89
100374.16
100376.46
100374.94
100375.30
100374.94
100372.82
100373.21
100373.59
100373.77
100373.77
100373.21
100373.59
100370.12
100369.73
100372.03
100371.08
100372.03
100372.03
100371.08
100368.78
100371.85
100370.89
100369.73
100371.47
100370.51
100371.85
100371.65
100371.65
100370.69
100373.38
100372.42
100371.65
100369.73
100371.47
100372.42
100372.42
100371.47
100369.73
100369.35
100369.73
100371.65
100371.47
100373.77
100372.03
100371.65
100370.69
100370.12
100370.69
100369.94
100370.91
100369.56
100368.96
100366.65
100363.21
100360.88
100355.14
100327.22
100302.03
100273.38
100247.80
100197.42
100172.24
100155.69
100138.19
100123.39
100155.69
100202.42
100250.14
100290.52
100328.57
100336.46
100324.53
100310.71
100295.30
100244.53
100210.89
100170.11
100167.82
100345.11
100443.00
100515.34
100580.71
100635.33
100739.00
100783.05
100822.10
100837.86
100850.75
100842.67
100821.71
100801.89
100764.97
100656.88
100639.77
100627.26
100608.98
100579.17
100559.55
100541.48
100525.89
100503.78
100464.36
100447.42
100425.32
100389.92
100336.46
100209.53
100169.92
100149.35
100146.66
100162.42
100172.24
100182.61
100195.69
100210.50
100240.11
100250.32
100261.08
100267.82
100281.85
100287.23
100291.27
100295.52
100302.99
100308.77
100315.11
100317.44
100324.35
100329.35
100334.35
100337.42
100337.42
100340.11
100341.08
100340.33
100339.94
100341.67
100343.02
100344.16
100343.38
100344.36
100347.80
100350.89
100354.35
100353.19
100354.53
100355.88
100355.50
100355.88
100356.85
100359.53
100362.22
100359.53
100359.75
100359.36
100360.52
100360.88
100362.22
100363.39
100365.13
100367.82
100367.82
100364.92
100366.65
100365.69
100365.30
100363.57
100363.96
100364.56
100363.00
100359.92
100362.61
100361.27
100363.96
100364.74
100366.08
100367.04
100367.82
100368.78
100366.65
100369.35
100368.96
100367.61
100368.39
100369.35
100368.96
100370.69
100371.47
100371.08
100371.08
100371.47
100369.16
100369.16
100367.61
100367.25
100368.00
100370.12
100368.78
100370.51
100370.12
100369.73
100366.65
100368.60
100370.30
100370.12
100370.69
100373.77
100372.64
100371.29
100371.08
100371.08
100370.30
100371.65
100371.47
100371.65
100371.65
100374.16
100374.16
100371.08
100370.12
100369.73
100371.65
100369.35
100370.12
100368.78
100368.00
100368.39
100369.73
100371.47
100370.12
100369.73
100368.00
100368.78
100370.51
100369.35
100370.30
100368.00
100364.35
100362.61
100362.61
100363.00
100363.96
100363.39
100363.57
100364.92
100364.92
100364.92
100368.00
100367.42
100365.52
100369.55
100368.21
100369.55
100369.35
100368.39
100370.51
100370.69
100368.96
100369.73
100369.73
100368.57
100367.82
100366.08
100367.42
100366.47
100367.82
100370.12
100367.04
100367.82
100366.47
100366.08
100365.69
100367.04
100369.16
100370.12
100370.12
100370.12
100370.12
100372.03
100371.08
100373.00
100374.35
100375.50
100373.77
100373.00
100371.65
100375.11
100376.85
100375.50
100376.46
100376.46
100375.89
100374.73
100372.03
100371.08
100369.73
100374.16
100371.65
100372.64
100370.91
100372.03
100374.94
100374.16
100372.42
100373.77
100374.94
100372.82
100376.46
100374.73
100374.16
100372.42
100372.64
100373.77
100374.16
100374.55
100375.89
100373.38
100373.00
100373.38
100373.99
100373.38
100374.35
100373.38
100375.11
100372.42
100372.42
100373.00
100376.85
100376.85
100375.11
100373.38
100375.50
100374.94
100373.21
100374.73
100373.77
100375.89
100375.89
100376.28
100374.55
100376.28
100377.63
100375.30
100376.64
100373.21
100373.59
100371.85
100373.59
100371.47
100372.24
100371.64
100371.25
100370.12
100370.12
100370.51
100371.25
100371.85
100371.47
100371.08
100374.16
100374.16
100375.11
100376.46
100375.89
100370.89
100371.08
100369.35
100371.08
100371.08
100368.78
100370.12
100370.89
100370.12
100370.51
100370.89
100371.85
100369.73
100370.51
100371.47
100371.47
100368.96
100369.35
100370.12
100371.08
100371.08
100372.03
100372.03
100370.51
100371.08
100370.69
100371.47
100373.21
100371.85
100367.42
100368.21
100371.85
100372.60
100373.21
100369.73
100371.85
100369.16
100370.51
100368.39
100369.16
100369.55
100369.91
100373.59
100369.35
100368.00
100373.59
100373.59
100371.08
100370.12
100371.85
100371.85
100372.82
100373.77
100372.03
100370.12
100370.69
100370.12
100368.39
100369.16
100370.89
100373.59
100371.08
100369.35
100371.47
100369.73
100372.42
100371.85
100373.59
100371.85
100373.21
100371.47
100373.59
100372.82
100371.25
100372.60
100371.85
100373.95
100373.77
100371.47
100370.30
100369.35
100374.16
100376.64
100375.89
100373.77
100373.77
100370.89
100372.60
100371.25
100371.25
100368.96
100370.30
100368.39
100365.30
100366.47
100366.86
100369.55
100368.78
100365.13
100365.69
100368.21
100368.78
100369.73
100369.73
100366.08
100364.35
100363.78
100358.58
100358.00
100342.63
100323.00
100298.39
100272.24
100206.46
100178.96
100156.08
100138.58
100120.13
100088.00
100107.81
100150.52
100202.82
100279.53
100280.89
100287.61
100287.61
100278.58
100263.21
100248.96
100226.47
100197.24
100172.63
100226.08
100322.61
100424.36
100501.49
100563.41
100571.49
100570.71
100553.21
100466.66
100411.08
100349.54
100289.53
100247.23
100227.82
100221.08
100200.89
100180.32
100181.66
100214.74
100258.39
100297.42
100323.39
100355.71
100361.83
100359.74
100353.97
100334.73
100314.36
100288.96
100257.04
100213.00
100208.97
100278.01
100371.25
100449.94
100534.15
100549.17
100559.94
100565.33
100561.85
100541.10
100532.07
100518.21
100505.71
100482.82
100475.13
100465.71
100463.01
100457.06
100448.38
100443.21
100439.74
100438.78
100430.32
100425.71
100419.93
100414.16
100412.24
100408.60
100407.25
100405.52
100399.17
100398.17
100394.53
100394.14
100393.78
100395.13
100393.00
100392.05
100390.88
100386.85
100385.89
100383.97
100382.63
100381.46
100381.85
100383.38
100385.32
100385.71
100382.24
100381.28
100378.59
100375.89
100374.73
100373.00
100372.82
100375.50
100375.89
100377.82
100375.50
100376.28
100374.94
100372.82
100374.55
100374.55
100372.82
100370.69
100369.94
100368.96
100374.94
100374.94
100375.30
100374.55
100374.94
100375.89
100375.11
100372.03
100374.73
100374.35
100371.29
100373.00
100374.16
100378.59
100382.03
100382.03
100378.59
100378.97
100373.95
100372.60
100371.85
100371.47
100372.42
100373.21
100374.55
100375.50
100376.85
100378.59
100378.97
100377.63
100379.72
100378.38
100379.33
100378.97
100376.85
100375.11
100373.77
100371.47
100370.69
100368.00
100372.82
100370.51
100370.12
100370.69
100370.12
100367.42
100368.78
100367.61
100368.00
100369.35
100372.24
100367.82
100368.78
100370.12
100370.51
100371.25
100372.24
100370.12
100370.51
100373.59
100373.95
100371.85
100371.85
100372.24
100375.68
100372.24
100371.85
100372.24
100368.57
100368.57
100366.47
100364.74
100368.21
100369.55
100366.08
100367.82
100368.21
100369.91
100370.89
100370.89
100369.55
100373.59
100375.30
100377.99
100379.33
100379.54
100374.94
100374.55
100371.47
100370.69
100375.50
100372.82
100371.08
100367.42
100368.21
100365.87
100363.78
100366.08
100367.42
100369.16
100371.25
100370.89
100368.78
100367.82
100370.51
100371.47
100371.08
100371.08
100374.94
100376.28
100376.28
100377.03
100376.64
100373.21
100371.47
100375.89
100375.50
100373.59
100373.95
100370.89
100369.55
100368.57
100371.64
100370.66
100368.96
100370.30
100368.57
100367.21
100368.21
100370.89
100371.47
100371.85
100372.60
100368.39
100369.73
100371.08
100372.00
100369.55
100368.39
100364.35
100357.61
100353.01
100349.36
100351.66
100368.57
100478.00
100549.35
100608.20
100652.63
100718.60
100739.19
100755.94
100761.69
100763.78
100749.96
100732.82
100710.91
100679.94
100572.24
100516.29
100474.56
100449.94
100455.11
100469.53
100472.22
100469.53
100457.42
100441.65
100405.30
100393.53
100369.55
100338.95
100277.41
100236.64
100196.85
100162.82
100142.05
100137.02
100145.10
100156.25
100162.99
100179.74
100195.11
100211.27
100224.74
100236.85
100256.83
100263.77
100271.08
100278.58
100291.08
100297.03
100302.42
100305.11
100306.46
100311.28
100314.92
100319.35
100323.78
100328.78
100330.87
100331.47
100333.39
100334.73
100336.85
100338.38
100342.03
100339.73
100338.77
100341.64
100343.58
100342.82
100347.63
100349.92
100352.05
100350.32
100351.66
100353.39
100355.10
100357.44
100353.75
100354.50
100358.18
100361.24
100360.70
100360.32
100362.82
100363.57
100360.49
100359.74
100360.13
100360.13
100356.09
100357.44
100355.71
100356.09
100362.82
100362.82
100361.66
100362.42
100361.47
100364.17
100363.78
100361.09
100364.17
100362.82
100364.17
100364.17
100363.17
100365.87
100364.17
100362.04
100361.09
100361.83
100361.83
100361.47
100360.70
100360.70
100363.78
100365.87
100364.53
100365.13
100362.04
100365.30
100366.08
100364.35
100364.35
100364.74
100365.52
100366.47
100366.08
100367.42
100368.21
100365.69
100367.42
100367.04
100373.21
100373.95
100371.85
100371.47
100369.55
100368.57
100366.47
100365.13
100364.35
100363.39
100365.69
100366.47
100365.52
100366.86
100369.91
100370.30
100369.55
100369.55
100372.24
100372.24
100371.08
100372.03
100373.59
100372.24
100373.59
100372.82
100371.47
100370.12
100369.16
100369.55
100368.78
100369.55
100369.55
100367.82
100367.82
100368.78
100368.21
100366.86
100364.74
100366.47
100368.21
100368.39
100369.16
100369.55
100372.24
100372.24
100368.57
100368.21
100371.25
100370.51
100372.24
100372.60
100370.51
100368.78
100368.78
100364.74
100363.78
100363.39
100365.52
100364.17
100365.87
100364.74
100365.52
100366.26
100367.82
100368.21
100367.82
100368.57
100369.91
100372.39
100373.59
100372.82
100372.24
100371.25
100367.82
100369.16
100369.55
100369.55
100369.16
100368.78
100367.04
100365.69
100370.89
100370.51
100370.12
100370.51
100364.74
100368.21
100365.69
100364.35
100363.78
100380.67
100420.11
100494.36
100577.83
100712.86
100751.91
100772.85
100782.48
100784.58
100769.77
100762.07
100746.88
100725.72
100636.86
100570.89
100501.49
100438.21
100406.25
100422.05
100419.72
100425.10
100415.89
100399.74
100367.42
100355.88
100341.46
100309.92
100253.78
100212.41
100169.92
100134.54
100114.35
100123.21
100147.05
100191.08
100250.10
100397.82
100454.36
100505.14
100552.64
100587.25
100634.77
100640.72
100643.60
100639.55
100609.55
100585.71
100545.32
100494.16
100444.35
100406.25
100428.19
100438.21
100448.98
100446.64
100446.05
100437.97
100422.80
100408.96
100377.99
100365.52
100345.67
100321.45
100259.52
100211.06
100165.11
100132.82
100113.97
100112.05
100121.86
100135.32
100149.35
100192.42
100210.71
100224.35
100237.03
100250.88
100267.82
100275.32
100283.39
100287.43
100297.21
100301.25
100305.89
100309.92
100315.71
100321.09
100324.74
100328.78
100328.39
100328.39
100333.21
100335.11
100336.46
100335.89
100339.33
100338.95
100342.63
100340.50
100342.24
100346.28
100349.36
100351.28
100351.66
100352.05
100351.07
100352.41
100351.28
100356.09
100357.80
100355.71
100358.78
100358.78
100360.49
100359.53
100358.53
100359.89
100358.53
100362.22
100364.91
100364.17
100364.17
100359.14
100359.14
100356.09
100353.97
100356.45
100355.49
100356.45
100357.44
100358.78
100360.13
100361.83
100362.42
100361.09
100362.82
100359.74
100361.47
100362.82
100363.78
100365.87
100366.26
100363.17
100364.17
100364.53
100369.32
100371.64
100372.24
100368.78
100368.21
100366.47
100366.65
100367.82
100367.21
100367.60
100367.21
100365.13
100367.21
100366.26
100367.60
100368.57
100366.08
100363.78
100367.21
100367.21
100364.17
100361.09
100360.13
100364.53
100362.82
100364.74
100365.52
100364.91
100361.83
100361.09
100358.39
100359.14
100357.44
100358.78
100356.27
100357.05
100358.39
100361.83
100362.82
100362.04
100364.91
100367.60
100366.62
100368.96
100369.32
100370.30
100370.30
100367.60
100363.57
100363.17
100362.04
100362.04
100363.78
100365.52
100365.13
100364.17
100365.52
100365.69
100366.08
100368.78
100370.51
100370.51
100371.25
100371.64
100371.64
100371.64
100370.89
100368.57
100369.55
100370.89
100369.55
100369.91
100370.30
100369.91
100371.85
100371.25
100371.64
100370.30
100366.26
100363.78
100364.53
100364.53
100365.87
100365.87
100363.78
100364.17
100364.53
100365.87
100365.13
100366.47
100368.57
100370.30
100368.21
100367.42
100369.91
100369.16
100368.21
100367.82
100367.82
100366.86
100365.52
100365.13
100367.21
100369.55
100370.51
100369.35
100368.78
100367.82
100369.55
100367.82
100369.55
100366.08
100367.82
100367.21
100370.30
100371.25
100369.55
100369.55
100372.99
100373.59
100373.95
100374.55
100371.64
100370.30
100366.86
100369.91
100371.25
100371.64
100371.25
100367.42
100369.73
100366.47
100366.26
100367.60
100365.87
100366.26
100363.17
100363.17
100364.35
100367.04
100367.82
100368.57
100368.78
100369.16
100370.51
100373.21
100373.59
100370.89
100370.51
100370.89
100371.25
100372.60
100372.24
100369.55
100371.64
100368.96
100370.30
100371.64
100368.96
100369.91
100369.91
100367.82
100368.21
100368.21
100368.21
100369.91
100370.30
100372.99
100373.35
100373.59
100370.89
100371.25
100373.35
100373.35
100372.99
100372.24
100372.60
100372.24
100373.21
100372.82
100371.85
100373.59
100370.12
100367.42
100366.08
100364.17
100365.87
100368.96
100368.96
100368.96
100366.86
100366.47
100371.25
100371.85
100371.25
100370.66
100369.32
100370.30
100370.30
100370.66
100370.30
100368.96
100368.21
100367.60
100363.57
100362.22
100363.17
100365.87
100402.61
100449.34
100510.52
100565.72
100612.24
100676.86
100702.08
100717.25
100723.24
100714.21
100698.80
100678.21
100650.92
100609.75
100514.17
100481.86
100478.78
100484.94
100481.08
100478.60
100471.86
100461.67
100448.60
100392.80
100365.87
100348.37
100338.95
100293.57
100253.17
100210.71
100180.10
100160.51
100152.82
100156.61
100162.00
100168.73
100192.96
100207.77
100221.23
100231.25
100244.11
100257.58
100265.30
100271.64
100277.02
100289.14
100293.17
100294.74
100297.82
100302.24
100310.67
100316.07
100320.70
100322.44
100328.17
100331.25
100332.96
100334.91
100337.99
100340.68
100340.68
100340.89
100339.55
100342.63
100344.33
100345.67
100345.32
100347.02
100350.10
100351.81
100348.76
100349.71
100350.10
100353.75
100354.74
100352.62
100352.05
100353.39
100354.35
100354.92
100355.71
100356.66
100354.74
100355.10
100353.01
100356.09
100353.39
100349.54
100348.19
100350.89
100354.35
100356.66
100357.05
100357.44
100359.35
100362.42
100363.57
100361.47
100362.42
100364.17
100364.17
100364.17
100361.47
100361.83
100364.53
100363.78
100363.39
100363.39
100363.39
100364.17
100365.13
100363.78
100364.17
100363.17
100363.57
100361.47
100362.42
100361.09
100364.53
100365.52
100367.42
100367.82
100369.55
100368.57
100369.91
100369.91
100368.21
100369.55
100369.91
100367.82
100369.55
100367.82
100371.25
100371.25
100370.51
100367.42
100365.52
100365.87
100365.13
100364.17
100363.17
100364.91
100366.26
100363.92
100364.91
100366.26
100369.91
100370.30
100369.91
100370.89
100371.64
100369.91
100369.16
100368.21
100369.91
100369.91
100367.82
100369.16
100369.55
100372.24
100372.99
100373.21
100370.51
100369.16
100368.21
100370.89
100365.69
100367.04
100367.82
100368.21
100367.04
100368.21
100365.52
100366.86
100366.08
100365.69
100366.47
100364.74
100366.47
100366.08
100368.21
100369.73
100368.57
100367.21
100363.78
100366.47
100368.21
100369.91
100369.73
100369.55
100367.82
100366.86
100366.47
100362.61
100362.42
100363.78
100364.17
100365.69
100364.35
100367.82
100368.39
100367.82
100370.12
100367.42
100370.12
100368.21
100365.13
100365.13
100366.86
100366.08
100367.42
100365.69
100363.00
100365.13
100365.52
100364.74
100366.47
100366.86
100366.86
100367.42
100366.47
100368.21
100368.57
100370.30
100369.91
100369.91
100371.25
100369.91
100373.95
100372.24
100372.60
100371.64
100372.00
100372.60
100371.64
100368.96
100368.96
100368.96
100370.66
100372.99
100371.25
100372.99
100367.42
100366.47
100364.53
100366.26
100365.87
100364.53
100365.87
100367.21
100367.21
100365.13
100363.39
100364.53
100366.62
100366.62
100367.21
100365.87
100367.60
100369.32
100370.66
100369.32
100369.70
100368.35
100367.96
100367.21
100368.57
100370.30
100371.43
100369.32
100366.86
100370.30
100371.05
100369.70
100371.05
100370.30
100368.96
100370.66
100370.66
100369.55
100370.89
100370.30
100369.91
100369.55
100368.21
100366.86
100369.91
100368.78
100370.12
100369.91
100368.57
100368.57
100366.65
100369.16
100369.91
100367.04
100365.13
100364.17
100361.09
100356.09
100358.18
100357.44
100359.53
100391.84
100427.20
100472.97
100523.39
100570.89
100647.99
100676.27
100696.46
100708.58
100713.96
100701.10
100684.19
100668.42
100644.19
100566.85
100529.16
100517.03
100514.35
100506.63
100498.55
100491.46
100488.02
100486.67
100475.31
100465.49
100449.94
100435.52
100427.80
100434.92
100422.80
100386.82
100328.92
100171.42
100097.38
100032.41
99987.61
99960.69
99927.78
99913.96
99912.61
99914.32
99913.36
99931.82
99982.96
100041.10
100092.99
100149.32
100155.66
100167.99
100178.15
100175.46
100173.16
100164.69
100153.92
100144.88
100126.64
100110.85
100091.25
100109.14
100282.80
100379.33
100449.34
100493.41
100518.00
100542.23
100542.63
100532.81
100513.21
100482.03
100471.27
100456.46
100447.03
100439.71
100428.55
100423.55
100419.13
100413.38
100412.39
100407.99
100404.32
100400.27
100397.58
100392.58
100390.85
100389.14
100389.14
100386.82
100384.12
100385.10
100383.76
100381.42
100379.33
100381.42
100382.03
100382.41
100380.08
100381.82
100381.42
100378.74
100378.74
100377.39
100375.68
100377.39
100375.68
100375.68
100374.69
100370.30
100367.60
100367.60
100365.27
100365.27
100365.27
100366.62
100365.27
100368.96
100368.96
100371.64
100374.33
100370.66
100370.66
100371.05
100371.64
100372.00
100370.30
100373.35
100371.64
100367.96
100368.96
100367.60
100369.91
100369.55
100369.91
100370.30
100370.30
100370.30
100371.25
100371.25
100370.66
100369.91
100370.30
100373.35
100374.33
100374.69
100374.33
100373.35
100372.99
100370.66
100370.66
100373.35
100373.35
100370.66
100372.60
100373.21
100374.16
100374.94
100375.30
100373.95
100374.69
100373.35
100368.96
100366.26
100366.86
100367.21
100367.21
100367.21
100366.26
100365.13
100364.53
100368.57
100365.52
100364.17
100367.21
100368.57
100368.96
100370.66
100369.91
100370.30
100369.91
100370.30
100370.30
100369.55
100368.21
100371.64
100371.64
100369.55
100371.64
100370.30
100369.32
100370.30
100367.82
100368.78
100370.51
100369.55
100366.65
100367.82
100369.91
100368.96
100368.96
100370.89
100369.16
100368.96
100370.30
100369.91
100370.30
100366.62
100367.96
100372.00
100370.89
100371.25
100374.69
100371.25
100366.08
100363.00
100361.09
100363.57
100367.00
100365.87
100363.17
100365.27
100365.27
100362.04
100363.39
100367.21
100367.96
100369.70
100372.00
100371.25
100370.30
100368.96
100366.62
100366.26
100367.60
100367.60
100367.21
100367.60
100367.96
100367.96
100367.96
100368.96
100368.96
100370.66
100370.66
100372.00
100372.99
100372.00
100369.32
100369.32
100368.96
100369.91
100372.00
100374.69
100375.08
100373.35
100373.35
100372.60
100370.66
100372.00
100373.35
100372.00
100370.66
100371.64
100370.30
100368.96
100369.32
100371.05
100368.35
100369.32
100369.32
100367.60
100370.30
100368.57
100367.21
100365.87
100367.21
100368.57
100366.47
100369.91
100371.64
100371.64
100369.91
100372.60
100372.99
100371.64
100369.55
100368.96
100368.57
100368.57
100368.57
100368.21
100369.16
100368.78
100366.86
100366.26
100366.62
100366.26
100367.21
100365.87
100368.57
100368.21
100369.91
100370.30
100369.91
100370.51
100370.51
100371.25
100370.66
100370.30
100372.00
100373.35
100373.35
100374.33
100372.60
100374.69
100372.99
100374.33
100373.59
100373.95
100372.99
100373.35
100371.64
100370.89
100371.64
100369.70
100369.32
100367.60
100367.60
100367.60
100364.53
100367.21
100367.21
100368.57
100370.66
100369.32
100368.96
100369.91
100371.64
100375.30
100372.99
100371.64
100374.33
100372.24
100371.64
100369.55
100369.55
100368.96
100367.96
100366.86
100365.13
100362.82
100367.21
100368.57
100370.30
100370.89
100369.91
100369.91
100372.60
100372.60
100371.25
100371.25
100372.00
100372.24
100372.24
100372.60
100370.89
100372.24
100371.25
100372.60
100375.30
100373.95
100372.99
100372.99
100371.64
100369.32
100366.26
100364.91
100364.53
100367.60
100367.21
100366.47
100367.42
100366.86
100372.00
100371.64
100371.85
100371.64
100368.96
100369.91
100370.30
100368.57
100371.25
100373.35
100373.74
100372.00
100372.00
100368.96
100370.66
100372.00
100372.00
100369.32
100373.74
100370.66
100367.96
100367.96
100370.66
100370.30
100370.30
100369.16
100368.57
100368.96
100367.21
100367.60
100367.60
100368.57
100365.87
100366.47
100366.08
100369.91
100366.26
100365.27
100362.82
100359.14
100352.05
100330.87
100316.45
100309.33
100302.60
100304.69
100317.58
100343.74
100385.46
100446.44
100571.64
100613.38
100650.33
100681.29
100728.78
100742.63
100745.92
100742.84
100735.15
100690.12
100655.11
100606.64
100558.17
100506.27
100512.01
100511.66
100506.27
100501.25
100482.39
100471.63
100465.88
100457.80
100450.08
100446.05
100436.27
100408.35
100357.58
100205.08
100133.37
100076.83
100031.42
99980.66
99959.51
99941.63
99930.11
99918.96
99927.78
99954.71
100007.20
100071.45
100121.61
100162.38
100180.10
100199.69
100203.73
100204.11
100194.69
100181.23
100159.30
100127.38
100057.39
100061.03
100111.83
100199.69
100395.66
100451.82
100486.43
100506.63
100520.10
100521.44
100513.36
100492.81
100477.25
100449.72
100441.05
100435.28
100425.49
100420.11
100416.42
100415.08
100410.69
100409.34
100400.27
100395.88
100389.50
100383.38
100383.76
100384.12
100384.12
100384.72
100386.46
100383.76
100383.02
100384.12
100383.76
100381.07
100378.74
100378.74
100377.63
100375.68
100372.99
100374.69
100374.33
100375.30
100377.03
100376.03
100374.33
100372.99
100371.25
100369.91
100371.05
100372.00
100372.00
100373.74
100370.30
100368.96
100367.60
100366.26
100365.27
100363.57
100362.22
100361.09
100363.17
100365.27
100365.27
100366.62
100367.96
100366.26
100365.87
100363.92
100366.62
100363.17
100368.35
100368.35
100366.26
100366.86
100363.17
100364.70
100366.05
100363.92
100364.91
100369.32
100369.70
100367.96
100365.87
100367.60
100369.32
100369.32
100367.96
100371.05
100369.70
100366.62
100367.60
100370.30
100369.91
100371.25
100372.99
100368.96
100371.64
100374.69
100376.03
100376.43
100376.43
100374.69
100377.39
100372.99
100371.25
100370.30
100367.60
100365.27
100363.57
100362.82
100364.53
100366.26
100366.62
100367.21
100368.96
100366.26
100371.25
100367.21
100366.47
100365.52
100367.60
100367.96
100366.26
100364.91
100366.62
100365.27
100365.87
100364.17
100365.87
100367.96
100369.32
100367.60
100367.60
100369.70
100368.74
100367.96
100367.96
100371.05
100369.70
100370.08
100371.43
100370.08
100369.70
100371.05
100372.39
100372.00
100372.00
100369.70
100371.05
100370.66
100368.57
100369.32
100372.00
100372.00
100371.05
100365.66
100363.35
100363.57
100363.92
100362.58
100363.92
100363.35
100361.24
100362.97
100363.92
100363.57
100365.66
100365.66
100366.62
100367.00
100366.62
100366.62
100365.27
100363.92
100365.66
100364.91
100365.27
100362.58
100362.58
100362.58
100362.58
100361.83
100363.92
100362.58
100363.92
100363.92
100364.53
100364.91
100364.91
100367.60
100365.52
100364.53
100365.87
100364.53
100366.26
100365.52
100366.86
100368.96
100368.96
100368.96
100367.60
100368.96
100369.16
100369.55
100368.21
100368.57
100367.60
100364.91
100363.57
100363.57
100363.17
100361.83
100361.83
100360.49
100362.22
100364.53
100366.26
100367.21
100368.57
100366.26
100368.96
100367.60
100366.26
100364.91
100367.96
100367.60
100366.26
100364.91
100366.62
100365.66
100368.35
100366.62
100365.66
100367.00
100365.27
100365.27
100365.27
100367.60
100366.62
100367.21
100366.26
100368.96
100368.57
100370.66
100371.64
100370.30
100371.64
100372.99
100370.30
100369.91
100367.21
100369.91
100369.32
100370.30
100369.91
100369.91
100370.30
100370.30
100369.91
100370.30
100370.66
100370.08
100371.43
100368.96
100366.62
100364.53
100364.91
100367.21
100367.60
100367.96
100367.00
100367.96
100369.91
100371.25
100371.25
100374.33
100373.95
100371.25
100371.64
100371.64
100371.64
100371.64
100370.66
100368.35
100369.32
100368.96
100369.32
100370.66
100369.70
100371.05
100370.30
100371.05
100369.32
100369.91
100370.30
100369.32
100370.66
100369.70
100369.70
100369.32
100370.30
100370.66
100371.05
100371.05
100371.05
100370.66
100371.43
100371.05
100372.00
100370.30
100369.70
100371.43
100371.05
100369.70
100371.43
100367.00
100370.08
100368.35
100366.62
100366.62
100364.70
100365.66
100363.92
100362.97
100367.00
100365.66
100365.66
100366.05
100367.78
100364.70
100365.66
100364.32
100365.27
100369.70
100367.60
100366.26
100364.91
100365.27
100365.27
100364.91
100362.82
100363.17
100367.96
100365.27
100363.57
100365.27
100364.32
100364.32
100362.58
100358.53
100350.46
100308.73
100277.77
100246.45
100216.83
100166.03
100153.57
100142.41
100123.21
100105.71
100152.22
100210.71
100262.21
100295.87
100320.49
100313.75
100296.61
100278.75
100257.58
100196.42
100158.35
100126.64
100129.55
100184.52
100395.66
100483.74
100539.17
100575.29
100607.60
100604.91
100580.32
100532.21
100465.67
100313.93
100256.61
100229.91
100220.87
100178.53
100169.11
100181.23
100218.92
100267.38
100334.31
100337.24
100345.67
100350.10
100332.96
100322.19
100309.11
100290.13
100272.63
100204.72
100171.42
100166.03
100204.72
100381.42
100457.80
100508.96
100534.15
100545.32
100544.32
100531.85
100515.69
100499.89
100472.97
100462.98
100453.17
100443.35
100436.63
100431.24
100422.80
100419.13
100413.74
100405.66
100401.62
100399.53
100398.57
100395.28
100391.24
100388.55
100385.46
100384.50
100380.86
100381.82
100382.77
100382.41
100382.77
100380.86
100378.16
100377.77
100378.16
100376.82
100374.13
100372.78
100369.32
100371.05
100367.39
100367.39
100367.00
100367.96
100368.74
100365.27
100367.60
100366.47
100367.21
100371.64
100371.64
100370.66
100370.66
100371.64
100371.64
100372.00
100372.00
100370.66
100370.66
100369.32
100368.35
100370.30
100372.00
100373.35
100376.03
100374.33
100376.03
100376.43
100375.08
100376.03
100376.03
100376.43
100376.43
100377.77
100377.03
100377.39
100376.03
100379.12
100379.72
100378.74
100378.74
100378.16
100376.43
100377.39
100379.51
100378.74
100377.39
100377.77
100377.77
100376.43
100376.03
100375.68
100370.66
100372.00
100374.13
100370.66
100369.32
100369.70
100369.32
100370.66
100371.64
100370.66
100371.64
100371.64
100371.05
100371.43
100372.00
100373.74
100373.35
100375.08
100374.69
100374.33
100373.74
100373.74
100370.30
100370.66
100372.78
100373.35
100374.69
100372.60
100371.25
100369.32
100373.74
100373.74
100375.47
100376.43
100376.43
100375.08
100375.08
100372.00
100373.35
100374.69
100376.03
100373.74
100375.08
100372.39
100375.08
100375.08
100377.77
100376.43
100373.35
100373.74
100373.35
100372.39
100372.39
100370.30
100369.32
100368.96
100366.62
100367.60
100367.96
100367.60
100367.60
100367.60
100367.60
100367.21
100366.86
100366.26
100366.62
100363.57
100364.17
100365.87
100367.21
100366.62
100367.60
100365.52
100367.21
100367.60
100367.60
100371.05
100372.99
100370.30
100367.21
100366.26
100366.86
100368.57
100372.39
100373.74
100375.08
100375.08
100371.05
100369.70
100368.96
100370.30
100369.32
100365.66
100366.05
100365.66
100366.62
100368.35
100371.43
100371.82
100368.74
100368.35
100368.35
100369.70
100368.96
100370.30
100367.96
100369.32
100372.00
100372.00
100372.00
100369.70
100371.43
100367.96
100367.60
100367.60
100368.96
100368.21
100369.91
100370.66
100373.74
100372.39
100371.64
100368.96
100369.32
100369.70
100369.32
100367.60
100367.21
100366.26
100367.00
100367.60
100367.60
100374.33
100374.69
100371.05
100372.78
100372.78
100372.39
100372.39
100373.74
100371.05
100368.74
100367.39
100370.47
100371.82
100369.70
100368.35
100367.39
100366.05
100366.26
100368.35
100369.32
100369.70
100366.62
100366.62
100366.62
100366.62
100367.60
100368.21
100368.96
100366.26
100368.35
100370.30
100369.32
100370.66
100369.32
100368.35
100367.96
100367.96
100369.70
100368.35
100369.32
100368.35
100366.43
100368.74
100367.39
100367.00
100366.62
100364.70
100364.32
100366.62
100366.62
100366.62
100369.70
100369.70
100369.70
100367.39
100371.82
100371.43
100371.43
100367.00
100366.62
100367.96
100368.96
100369.32
100368.35
100365.66
100365.66
100368.74
100365.87
100367.96
100365.27
100363.92
100365.27
100363.92
100365.66
100368.35
100369.70
100369.91
100369.32
100371.05
100371.43
100371.05
100369.70
100368.74
100369.13
100370.66
100371.05
100369.70
100369.70
100368.35
100367.21
100369.70
100369.70
100367.96
100367.96
100368.35
100369.70
100371.43
100369.70
100367.60
100367.21
100367.60
100367.96
100369.70
100370.66
100368.21
100368.96
100366.62
100366.26
100365.27
100367.60
100369.32
100366.26
100367.60
100367.96
100370.30
100370.66
100369.55
100368.57
100367.21
100365.27
100365.27
100362.82
100363.57
100363.57
100365.27
100362.58
100362.22
100360.49
100357.19
100354.14
100353.16
100347.41
100318.16
100291.61
100261.61
100235.29
100211.44
100179.50
100181.61
100173.92
100157.39
100154.31
100197.77
100255.66
100303.94
100335.66
100348.16
100353.16
100348.16
100338.95
100317.80
100303.35
100284.50
100257.96
100220.66
100197.38
100256.61
100356.83
100445.69
100548.00
100565.86
100577.99
100580.32
100572.60
100527.21
100504.71
100487.21
100473.36
100465.28
100445.47
100432.58
100424.50
100419.13
100408.35
100405.66
100402.61
100403.35
100402.01
100399.32
100395.28
100394.14
100393.19
100389.14
100387.80
100386.07
100385.10
100384.12
100383.16
100381.07
100383.76
100382.77
100376.03
100374.33
100373.95
100372.24
100372.00
100373.74
100372.39
100372.99
100372.99
100371.64
100372.39
100373.35
100370.89
100371.64
100374.69
100373.35
100374.33
100375.68
100372.00
100371.64
100371.25
100369.55
100368.57
100370.30
100370.66
100369.55
100370.51
100369.55
100369.91
100368.21
100368.78
100371.25
100371.64
100371.64
100368.21
100367.21
100364.91
100366.62
100364.91
100366.26
100364.91
100368.35
100368.74
100368.35
100367.96
100368.35
100368.35
100368.96
100369.55
100370.66
100369.70
100367.96
